80.099991,1.001559,543.840820,-0.000010,-0.001492,293.087372,1.000356,0.999427,0.000011,1.000764,0.750000,0.750000,1.000000,0.001698.299927,1.001609,543.445129,0.000000,0.000002,293.044830,1.000406,0.999420,0.000012,1.000611,0.750000,0.750000,1.000000,0.000100000,0.000001113,0.066098,0.000000,0.000000,-0.001590,-0.000064,0.001656,0.749999,0.000000
1698.400024,1.001609,543.445129,0.000000,0.000002,293.044830,1.000406,0.999420,0.000012,1.001833,0.750000,0.750000,1.000000,0.000100000,0.000001113,0.066098,0.000000,0.000000,-0.001590,-0.000064,0.001656,0.749999,0.000000
0.100000,1.000000,543.000000,0.000000,0.000000,293.000000,1.000000,1.000000,0.000000,1.000000,0.750000,0.750000,1.000000,0.000100000,0.000001114,0.066000,0.000000,0.000000,0.000000,0.000000,0.000000,0.750000,0.000000
0.200000,1.000000,543.000000,0.000000,0.000000,293.000000,1.000000,1.000000,0.000000,1.000859,0.750000,0.750000,1.000000,0.000100000,0.000001113,0.066000,0.000000,0.000000,0.000000,0.000000,0.000000,0.750000,0.000000
0.300000,1.000000,543.000000,0.000000,0.000000,293.000000,1.000000,1.000000,0.000000,1.000863,0.750000,0.750000,1.000000,0.000100000,0.000001113,0.066000,0.000000,0.000000,0.000000,0.000000,0.000000,0.750000,0.000000
0.400000,1.000000,543.000000,0.000000,0.000000,293.000000,1.000000,1.000000,0.000000,1.000856,0.750000,0.750000,1.000000,0.000100000,0.000001113,0.066000,0.000000,0.000000,0.000000,0.000000,0.000000,0.750000,0.000000
0.500000,1.000000,543.000000,0.000000,0.000000,293.000000,1.000000,1.000000,0.000000,1.000857,0.750000,0.750000,1.000000,0.000100000,0.000001113,0.066000,0.000000,0.000000,0.000000,0.000000,0.000000,0.750000,0.000000
0.600000,1.000000,543.000000,0.000000,0.000000,293.000000,1.000000,1.000000,0.000000,1.000855,0.750000,0.750000,1.000000,0.000100000,0.000001113,0.066000,0.000000,0.000000,0.000000,0.000000,0.000000,0.750000,0.000000
0.700000,1.000000,543.000000,0.000000,0.000000,293.000000,1.000000,1.000000,0.000000,1.000856,0.750000,0.750000,1.000000,0.000100000,0.000001113,0.066000,0.000000,0.000000,0.000000,0.000000,0.000000,0.750000,0.000000
0.800000,1.000000,543.000000,0.000000,0.000000,293.000000,1.000000,1.000000,0.000000,1.000856,0.750000,0.750000,1.000000,0.000100000,0.000001113,0.066000,0.000000,0.000000,0.000000,0.000000,0.000000,0.750000,0.000000
0.900000,1.000000,543.000000,0.000000,0.000000,293.000000,1.000000,1.000000,0.000000,1.000856,0.750000,0.750000,1.000000,0.000100000,0.000001113,0.066000,0.000000,0.000000,0.000000,0.000000,0.000000,0.750000,0.000000
1.000000,1.000000,543.000000,0.000000,0.000000,293.000000,1.000000,1.000000,0.000000,1.000863,0.750000,0.750000,1.000000,0.000100000,0.000001113,0.066000,0.000000,0.000000,0.000000,0.000000,0.000000,0.750000,0.000000
1.100000,1.000000,543.000000,0.000000,0.000000,293.000000,1.000000,1.000000,0.000000,1.000856,0.750000,0.750000,1.000000,0.000100000,0.000001113,0.066000,0.000000,0.000000,0.000000,0.000000,0.000000,0.750000,0.000000
1.200000,1.000000,543.000000,0.000000,0.000000,293.000000,1.000000,1.000000,0.000000,1.000854,0.750000,0.750000,1.000000,0.000100000,0.000001113,0.066000,0.000000,0.000000,0.000000,0.000000,0.000000,0.750000,0.000000
1.300000,1.000000,543.000000,0.000000,0.000000,293.000000,1.000000,1.000000,0.000000,1.000857,0.750000,0.750000,1.000000,0.000100000,0.000001113,0.066000,0.000000,0.000000,0.000000,0.000000,0.000000,0.750000,0.000000
1.400000,1.000000,543.000000,0.000000,0.000000,293.000000,1.000000,1.000000,0.000000,1.000856,0.750000,0.750000,1.000000,0.000100000,0.000001113,0.066000,0.000000,0.000000,0.000000,0.000000,0.000000,0.750000,0.000000
1.500000,1.000000,543.000000,0.000000,0.000000,293.000000,1.000000,1.000000,0.000000,1.000856,0.750000,0.750000,1.000000,0.000100000,0.000001113,0.066000,0.000000,0.000000,0.000000,0.000000,0.000000,0.750000,0.000000
1.600000,1.000000,543.000000,0.000000,0.000000,293.000000,1.000000,1.000000,0.000000,1.000855,0.750000,0.750000,1.000000,0.000100000,0.000001113,0.066000,0.000000,0.000000,0.000000,0.000000,0.000000,0.750000,0.000000
1.700000,1.000000,543.000000,0.000000,0.000000,293.000000,1.000000,1.000000,0.000000,1.000856,0.750000,0.750000,1.000000,0.000100000,0.000001113,0.066000,0.000000,0.000000,0.000000,0.000000,0.000000,0.750000,0.000000
1.800000,1.000000,543.000000,0.000000,0.000000,293.000000,1.000000,1.000000,0.000000,1.000863,0.750000,0.750000,1.000000,0.000100000,0.000001113,0.066000,0.000000,0.000000,0.000000,0.000000,0.000000,0.750000,0.000000
1.900000,1.000000,543.000000,0.000000,0.000000,293.000000,1.000000,1.000000,0.000000,1.000856,0.750000,0.750000,1.000000,0.000100000,0.000001113,0.066000,0.000000,0.000000,0.000000,0.000000,0.000000,0.750000,0.000000
2.000000,1.000000,543.000000,0.000000,0.000000,293.000000,1.000000,1.000000,0.000000,1.000856,0.750000,0.750000,1.000000,0.000100000,0.000001113,0.066000,0.000000,0.000000,0.000000,0.000000,0.000000,0.750000,0.000000
2.100000,1.000000,543.000000,0.000000,0.000000,293.000000,1.000000,1.000000,0.000000,1.000856,0.750000,0.750000,1.000000,0.000100000,0.000001113,0.066000,0.000000,0.000000,0.000000,0.000000,0.000000,0.750000,0.000000
2.200000,1.000000,543.000000,0.000000,0.000000,293.000000,1.000000,1.000000,0.000000,1.000857,0.750000,0.750000,1.000000,0.000100000,0.000001113,0.066000,0.000000,0.000000,0.000000,0.000000,0.000000,0.750000,0.000000
2.300000,1.000000,543.000000,0.000000,0.000000,293.000000,1.000000,1.000000,0.000000,1.000854,0.750000,0.750000,1.000000,0.000100000,0.000001113,0.066000,0.000000,0.000000,0.000000,0.000000,0.000000,0.750000,0.000000
2.400000,1.000000,543.000000,0.000000,0.000000,293.000000,1.000000,1.000000,0.000000,1.000856,0.750000,0.750000,1.000000,0.000100000,0.000001113,0.066000,0.000000,0.000000,0.000000,0.000000,0.000000,0.750000,0.000000
2.500000,1.000000,543.000000,0.000000,0.000000,293.000000,1.000000,1.000000,0.000000,1.000857,0.750000,0.750000,1.000000,0.000100000,0.000001113,0.066000,0.000000,0.000000,0.000000,0.000000,0.000000,0.750000,0.000000
2.600000,1.000000,543.000000,0.000000,0.000000,293.000000,1.000000,1.000000,0.000000,1.000862,0.750000,0.750000,1.000000,0.000100000,0.000001113,0.066000,0.000000,0.000000,0.000000,0.000000,0.000000,0.750000,0.000000
2.700000,1.000000,543.000000,0.000000,0.000000,293.000000,1.000000,1.000000,0.000000,1.000857,0.750000,0.750000,1.000000,0.000100000,0.000001113,0.066000,0.000000,0.000000,0.000000,0.000000,0.000000,0.750000,0.000000
2.800000,1.000000,543.000000,0.000000,0.000000,293.000000,1.000000,1.000000,0.000000,1.000854,0.750000,0.750000,1.000000,0.000100000,0.000001113,0.066000,0.000000,0.000000,0.000000,0.000000,0.000000,0.750000,0.000000
2.900000,1.000000,543.000000,0.000000,0.000000,293.000000,1.000000,1.000000,0.000000,1.000855,0.750000,0.750000,1.000000,0.000100000,0.000001113,0.066000,0.000000,0.000000,0.000000,0.000000,0.000000,0.750000,0.000000
3.000000,1.000000,543.000000,0.000000,0.000000,293.000000,1.000000,1.000000,0.000000,1.000857,0.750000,0.750000,1.000000,0.000100000,0.000001113,0.066000,0.000000,0.000000,0.000000,0.000000,0.000000,0.750000,0.000000
3.100000,1.000000,543.000000,0.000000,0.000000,293.000000,1.000000,1.000000,0.000000,1.000855,0.750000,0.750000,1.000000,0.000100000,0.000001113,0.066000,0.000000,0.000000,0.000000,0.000000,0.000000,0.750000,0.000000
3.200000,1.000000,543.000000,0.000000,0.000000,293.000000,1.000000,1.000000,0.000000,1.000855,0.750000,0.750000,1.000000,0.000100000,0.000001113,0.066000,0.000000,0.000000,0.000000,0.000000,0.000000,0.750000,0.000000
3.300000,1.000000,543.000000,0.000000,0.000000,293.000000,1.000000,1.000000,0.000000,1.000858,0.750000,0.750000,1.000000,0.000100000,0.000001113,0.066000,0.000000,0.000000,0.000000,0.000000,0.000000,0.750000,0.000000
3.400000,1.000000,543.000000,0.000000,0.000000,293.000000,1.000000,1.000000,0.000000,1.000862,0.750000,0.750000,1.000000,0.000100000,0.000001113,0.066000,0.000000,0.000000,0.000000,0.000000,0.000000,0.750000,0.000000
3.500000,1.000000,543.000000,0.000000,0.000000,293.000000,1.000000,1.000000,0.000000,1.000857,0.750000,0.750000,1.000000,0.000100000,0.000001113,0.066000,0.000000,0.000000,0.000000,0.000000,0.000000,0.750000,0.000000
3.600000,1.000000,543.000000,0.000000,0.000000,293.000000,1.000000,1.000000,0.000000,1.000855,0.750000,0.750000,1.000000,0.000100000,0.000001113,0.066000,0.000000,0.000000,0.000000,0.000000,0.000000,0.750000,0.000000
3.700000,1.000000,543.000000,0.000000,0.000000,293.000000,1.000000,1.000000,0.000000,1.000855,0.750000,0.750000,1.000000,0.000100000,0.000001113,0.066000,0.000000,0.000000,0.000000,0.000000,0.000000,0.750000,0.000000
3.800000,1.000000,543.000000,0.000000,0.000000,293.000000,1.000000,1.000000,0.000000,1.000857,0.750000,0.750000,1.000000,0.000100000,0.000001113,0.066000,0.000000,0.000000,0.000000,0.000000,0.000000,0.750000,0.000000
3.900000,1.000000,543.000000,0.000000,0.000000,293.000000,1.000000,1.000000,0.000000,1.000854,0.750000,0.750000,1.000000,0.000100000,0.000001113,0.066000,0.000000,0.000000,0.000000,0.000000,0.000000,0.750000,0.000000
4.000000,1.000000,543.000000,0.000000,0.000000,293.000000,1.000000,1.000000,0.000000,1.000858,0.750000,0.750000,1.000000,0.000100000,0.000001113,0.066000,0.000000,0.000000,0.000000,0.000000,0.000000,0.750000,0.000000
4.100000,1.000000,543.000000,0.000000,0.000000,293.000000,1.000000,1.000000,0.000000,1.000855,0.750000,0.750000,1.000000,0.000100000,0.000001113,0.066000,0.000000,0.000000,0.000000,0.000000,0.000000,0.750000,0.000000
4.200000,1.000000,543.000000,0.000000,0.000000,293.000000,1.000000,1.000000,0.000000,1.000861,0.750000,0.750000,1.000000,0.000100000,0.000001113,0.066000,0.000000,0.000000,0.000000,0.000000,0.000000,0.750000,0.000000
4.300000,1.000000,543.000000,0.000000,0.000000,293.000000,1.000000,1.000000,0.000000,1.000855,0.750000,0.750000,1.000000,0.000100000,0.000001113,0.066000,0.000000,0.000000,0.000000,0.000000,0.000000,0.750000,0.000000
4.400000,1.000000,543.000000,0.000000,0.000000,293.000000,1.000000,1.000000,0.000000,1.000859,0.750000,0.750000,1.000000,0.000100000,0.000001113,0.066000,0.000000,0.000000,0.000000,0.000000,0.000000,0.750000,0.000000
4.500000,1.000000,543.000000,0.000000,0.000000,293.000000,1.000000,1.000000,0.000000,1.000856,0.750000,0.750000,1.000000,0.000100000,0.000001113,0.066000,0.000000,0.000000,0.000000,0.000000,0.000000,0.750000,0.000000
4.600000,1.000000,543.000000,0.000000,0.000000,293.000000,1.000000,1.000000,0.000000,1.000855,0.750000,0.750000,1.000000,0.000100000,0.000001113,0.066000,0.000000,0.000000,0.000000,0.000000,0.000000,0.750000,0.000000
4.700000,1.000000,543.000000,0.000000,0.000000,293.000000,1.000000,1.000000,0.000000,1.000855,0.750000,0.750000,1.000000,0.000100000,0.000001113,0.066000,0.000000,0.000000,0.000000,0.000000,0.000000,0.750000,0.000000
4.800000,1.000000,543.000000,0.000000,0.000000,293.000000,1.000000,1.000000,0.000000,1.000855,0.750000,0.750000,1.000000,0.000100000,0.000001113,0.066000,0.000000,0.000000,0.000000,0.000000,0.000000,0.750000,0.000000
4.900000,1.000000,543.000000,0.000000,0.000000,293.000000,1.000000,1.000000,0.000000,1.000859,0.750000,0.750000,1.000000,0.000100000,0.000001113,0.066000,0.000000,0.000000,0.000000,0.000000,0.000000,0.750000,0.000000
5.000000,1.000000,543.000000,0.000000,0.000000,293.000000,1.000000,1.000000,0.000000,1.000862,0.750000,0.750000,1.000000,0.000100000,0.000001113,0.066000,0.000000,0.000000,0.000000,0.000000,0.000000,0.750000,0.000000
5.100000,1.000000,543.000000,0.000000,0.000000,293.000000,1.000000,1.000000,0.000000,1.000855,0.750000,0.750000,1.000000,0.000100000,0.000001113,0.066000,0.000000,0.000000,0.000000,0.000000,0.000000,0.750000,0.000000
5.200000,1.000000,543.000000,0.000000,0.000000,293.000000,1.000000,1.000000,0.000000,1.000855,0.750000,0.750000,1.000000,0.000100000,0.000001113,0.066000,0.000000,0.000000,0.000000,0.000000,0.000000,0.750000,0.000000
5.300000,1.000000,543.000000,0.000000,0.000000,293.000000,1.000000,1.000000,0.000000,1.000855,0.750000,0.750000,1.000000,0.000100000,0.000001113,0.066000,0.000000,0.000000,0.000000,0.000000,0.000000,0.750000,0.000000
5.400000,1.000000,543.000000,0.000000,0.000000,293.000000,1.000000,1.000000,0.000000,1.000860,0.750000,0.750000,1.000000,0.000100000,0.000001113,0.066000,0.000000,0.000000,0.000000,0.000000,0.000000,0.750000,0.000000
5.500000,1.000000,543.000000,0.000000,0.000000,293.000000,1.000000,1.000000,0.000000,1.000855,0.750000,0.750000,1.000000,0.000100000,0.000001113,0.066000,0.000000,0.000000,0.000000,0.000000,0.000000,0.750000,0.000000
5.600000,1.000000,543.000000,0.000000,0.000000,293.000000,1.000000,1.000000,0.000000,1.000854,0.750000,0.750000,1.000000,0.000100000,0.000001113,0.066000,0.000000,0.000000,0.000000,0.000000,0.000000,0.750000,0.000000
5.700000,1.000000,543.000000,0.000000,0.000000,293.000000,1.000000,1.000000,0.000000,1.000855,0.750000,0.750000,1.000000,0.000100000,0.000001113,0.066000,0.000000,0.000000,0.000000,0.000000,0.000000,0.750000,0.000000
5.800000,1.000000,543.000000,0.000000,0.000000,293.000000,1.000000,1.000000,0.000000,1.000862,0.750000,0.750000,1.000000,0.000100000,0.000001113,0.066000,0.000000,0.000000,0.000000,0.000000,0.000000,0.750000,0.000000
5.900000,1.000000,543.000000,0.000000,0.000000,293.000000,1.000000,1.000000,0.000000,1.000854,0.750000,0.750000,1.000000,0.000100000,0.000001113,0.066000,0.000000,0.000000,0.000000,0.000000,0.000000,0.750000,0.000000
